0.799391
-0.000029
0.538559
0.643360
0.000000
0.799560
-0.000039
0.538559
0.643360
0.000055
0.799730
-0.000010
0.538731
0.643360
0.000001
0.799560
-0.000029
0.538302
0.643360
0.000055
0.799391
-0.000058
0.538388
0.643360
0.000001
0.799560
-0.000019
0.538216
0.643360
0.000055
0.799730
-0.000049
0.538731
0.643360
0.000000
0.799560
-0.000029
0.538731
0.643360
0.000055
0.799730
-0.000019
0.538388
0.643360
0.000001
0.799560
-0.000029
0.538302
0.643360
0.000055
0.799730
-0.000010
0.538302
0.643360
0.000001
0.799560
-0.000029
0.538130
0.643360
0.000055
0.799391
-0.000019
0.538817
0.643360
0.000000
0.799560
-0.000029
0.538388
0.643360
0.000055
0.799560
-0.000039
0.537272
0.643360
0.000001
0.799560
-0.000029
0.538559
0.643360
0.000055
0.799730
-0.000029
0.538302
0.643360
0.000001
0.799560
-0.000029
0.538044
0.643360
0.000055
0.799560
0.000010
0.538044
0.643360
0.000000
0.799560
-0.000029
0.538988
0.643360
0.000055
0.799391
-0.000039
0.538388
0.643360
0.000001
0.799560
-0.000029
0.538731
0.643359
0.000055
0.799730
-0.000039
0.538559
0.643359
0.000001
0.799560
-0.000029
0.538988
0.643359
0.000055
0.799391
-0.000292
0.538988
0.643359
0.000000
0.799560
-0.000272
0.538388
0.643359
0.000055
0.799052
-0.005356
0.538903
0.643359
0.000001
0.798882
-0.005395
0.538988
0.643359
0.000055
0.796849
-0.025227
0.538817
0.643359
0.000001
0.796679
-0.025344
0.538817
0.643359
0.000055
0.794645
-0.044310
0.538817
0.643359
0.000000
0.794476
-0.044495
0.538817
0.643359
0.000055
0.793289
-0.054595
0.538645
0.643359
0.000001
0.793120
-0.054702
0.538302
0.643359
0.000055
0.789900
-0.084041
0.538817
0.643359
0.000001
0.789561
-0.084294
0.538473
0.643359
0.000055
0.786341
-0.114362
0.538903
0.643359
0.000000
0.786002
-0.114605
0.538473
0.643359
0.000055
0.787696
-0.094968
0.538559
0.643359
0.000001
0.787527
-0.095231
0.538817
0.643359
0.000055
0.792103
-0.049511
0.539074
0.643359
0.000001
0.792103
-0.049705
0.538817
0.643359
0.000055
0.793798
-0.031662
0.538817
0.643359
0.000000
0.794137
-0.031799
0.538130
0.643359
0.000055
0.793798
-0.030165
0.539160
0.643359
0.000001
0.794137
-0.030282
0.538130
0.643359
0.000055
0.793967
-0.032187
0.538988
0.643359
0.000001
0.793967
-0.032256
0.538645
0.643359
0.000055
0.792442
-0.049773
0.538645
0.643359
0.000000
0.791934
-0.049987
0.538388
0.643359
0.000055
0.790578
-0.065551
0.538903
0.643359
0.000001
0.790069
-0.065736
0.538817
0.643359
0.000055
0.789222
-0.076284
0.539160
0.643359
0.000001
0.788713
-0.076497
0.538645
0.643359
0.000055
0.785832
-0.105953
0.538645
0.643359
0.000000
0.785154
-0.106235
0.538645
0.643359
0.000055
0.783798
-0.120419
0.538731
0.643359
0.000001
0.783290
-0.120681
0.538988
0.643359
0.000055
0.782443
-0.123568
0.539332
0.643359
0.000001
0.782443
-0.123879
0.538388
0.643359
0.000055
0.784307
-0.104116
0.538388
0.643359
0.000000
0.784137
-0.104378
0.539074
0.643359
0.000055
0.786849
-0.077285
0.538559
0.643359
0.000001
0.786849
-0.077489
0.538988
0.643359
0.000055
0.788035
-0.065386
0.539246
0.643359
0.000001
0.788035
-0.065629
0.538388
0.643359
0.000055
0.788713
-0.059709
0.538388
0.643359
0.000000
0.788713
-0.059893
0.538302
0.643359
0.000055
0.789730
-0.049375
0.538988
0.643359
0.000001
0.789730
-0.049560
0.539074
0.643359
0.000055
0.791256
-0.031779
0.538731
0.643359
0.000001
0.791595
-0.031857
0.538559
0.643359
0.000055
0.795154
0.003723
0.538473
0.643359
0.000000
0.795493
0.003558
0.538645
0.643359
0.000055
0.800916
0.056462
0.538731
0.643359
0.000001
0.801594
0.056617
0.538302
0.643359
0.000055
0.804136
0.081426
0.538473
0.643359
0.000001
0.804814
0.081591
0.538731
0.643359
0.000055
0.803628
0.069518
0.538473
0.643359
0.000000
0.804136
0.069673
0.538731
0.643359
0.000055
0.802950
0.055276
0.538473
0.643359
0.000001
0.802950
0.055422
0.538559
0.643359
0.000055
0.804136
0.065794
0.538731
0.643359
0.000001
0.804306
0.065969
0.538302
0.643359
0.000055
0.806340
0.082214
0.537958
0.643359
0.000000
0.806509
0.082408
0.538645
0.643359
0.000055
0.805323
0.067233
0.538388
0.643359
0.000001
0.805323
0.067408
0.537958
0.643359
0.000055
0.801425
0.031672
0.538044
0.643359
0.000001
0.801764
0.031779
0.537615
0.643359
0.000055
0.799221
0.004890
0.537615
0.643359
0.000000
0.798882
0.004890
0.538044
0.643359
0.000055
0.798374
0.000301
0.538302
0.643359
0.000001
0.798204
0.000282
0.538044
0.643359
0.000055
0.798543
0.005930
0.539675
0.643359
0.000001
0.798882
0.005969
0.537958
0.643359
0.000055
0.798713
0.003121
0.537958
0.643359
0.000000
0.798543
0.003091
0.538216
0.643359
0.000055
0.797357
-0.006513
0.538388
0.643359
0.000001
0.797527
-0.006523
0.538216
0.643359
0.000055
0.797527
-0.008487
0.537958
0.643359
0.000001
0.797357
-0.008487
0.537958
0.643359
0.000055
0.798543
0.006018
0.537958
0.643359
0.000000
0.798713
0.006086
0.538645
0.643359
0.000055
0.800238
0.022661
0.538473
0.643359
0.000001
0.800747
0.022719
0.538302
0.643359
0.000055
0.799899
0.014854
0.537958
0.643359
0.000001
0.799899
0.014883
0.538216
0.643359
0.000055
0.798204
-0.001060
0.538216
0.643359
0.000000
0.798204
-0.001069
0.538302
0.643359
0.000055
0.797527
-0.007233
0.538044
0.643359
0.000001
0.797527
-0.007242
0.537615
0.643359
0.000055
0.797527
-0.007942
0.538044
0.643359
0.000001
0.797357
-0.007981
0.537958
0.643359
0.000055
0.797188
-0.009712
0.537958
0.643359
0.000000
0.797188
-0.009751
0.538130
0.643359
0.000055
0.796849
-0.011841
0.537787
0.643359
0.000001
0.796849
-0.011870
0.537872
0.643359
0.000055
0.795662
-0.023244
0.537787
0.643359
0.000001
0.795493
-0.023360
0.537958
0.643359
0.000055
0.794984
-0.029602
0.537958
0.643359
0.000000
0.794815
-0.029699
0.538216
0.643359
0.000055
0.795493
-0.019657
0.537443
0.643359
0.000001
0.795662
-0.019715
0.537958
0.643359
0.000055
0.795832
-0.017878
0.537443
0.643359
0.000001
0.795832
-0.017916
0.537787
0.643359
0.000055
0.795493
-0.020561
0.537787
0.643359
0.000000
0.795493
-0.020648
0.538216
0.643359
0.000055
0.794984
-0.025110
0.538216
0.643359
0.000001
0.794815
-0.025237
0.538645
0.643359
0.000055
0.795323
-0.021037
0.537958
0.643359
0.000001
0.795154
-0.021134
0.538044
0.643359
0.000055
0.795493
-0.017790
0.538302
0.643359
0.000000
0.795662
-0.017829
0.538559
0.643359
0.000055
0.793967
-0.032440
0.538130
0.643359
0.000001
0.793967
-0.032615
0.538302
0.643359
0.000055
0.790917
-0.062324
0.538044
0.643359
0.000001
0.790408
-0.062508
0.538473
0.643359
0.000055
0.787866
-0.088241
0.538473
0.643359
0.000000
0.787358
-0.088474
0.538044
0.643359
0.000055
0.785493
-0.106954
0.538216
0.643359
0.000001
0.784985
-0.107236
0.537529
0.643359
0.000055
0.784137
-0.113604
0.538473
0.643359
0.000001
0.783798
-0.113886
0.538216
0.643359
0.000055
0.784815
-0.100276
0.538731
0.643359
0.000000
0.784815
-0.100500
0.538044
0.643359
0.000055
0.787527
-0.076497
0.538130
0.643359
0.000001
0.787019
-0.076740
0.537701
0.643359
0.000055
0.788374
-0.062732
0.538388
0.643359
0.000001
0.788544
-0.062926
0.538559
0.643359
0.000055
0.788713
-0.062411
0.538388
0.643359
0.000000
0.788374
-0.062615
0.538130
0.643359
0.000055
0.787527
-0.068030
0.538645
0.643359
0.000001
0.787696
-0.068244
0.538302
0.643359
0.000055
0.787866
-0.066543
0.538130
0.643359
0.000001
0.787696
-0.066776
0.538302
0.643359
0.000055
0.789222
-0.050522
0.538473
0.643359
0.000000
0.789391
-0.050677
0.537958
0.643359
0.000055
0.791764
-0.025110
0.538130
0.643359
0.000001
0.792103
-0.025217
0.538216
0.643359
0.000055
0.793459
-0.010791
0.538302
0.643359
0.000001
0.793798
-0.010810
0.538388
0.643359
0.000055
0.794984
0.002994
0.537872
0.643359
0.000000
0.795323
0.002868
0.538817
0.643359
0.000055
0.795154
-0.000243
0.538130
0.643359
0.000001
0.795154
-0.000292
0.538130
0.643359
0.000055
0.793628
-0.016643
0.538302
0.643359
0.000001
0.793459
-0.016653
0.538216
0.643359
0.000055
0.794306
-0.007797
0.538216
0.643359
0.000000
0.794476
-0.007767
0.538044
0.643359
0.000055
0.795323
-0.002061
0.538130
0.643359
0.000001
0.795323
-0.002041
0.537958
0.643359
0.000055
0.794984
-0.003471
0.537958
0.643359
0.000001
0.795154
-0.003451
0.538130
0.643359
0.000055
0.794815
-0.006688
0.537958
0.643359
0.000000
0.794815
-0.006688
0.540534
0.643359
0.000055
0.797188
0.020055
0.538044
0.643359
0.000001
0.798035
0.020123
0.537872
0.643359
0.000055
0.804645
0.084440
0.537615
0.643359
0.000001
0.805323
0.084634
0.537958
0.643359
0.000055
0.806340
0.096290
0.537958
0.643359
0.000000
0.807018
0.096523
0.538473
0.643359
0.000055
0.806848
0.094919
0.537958
0.643359
0.000001
0.807526
0.095153
0.538473
0.643359
0.000055
0.803289
0.055052
0.538216
0.643359
0.000001
0.803458
0.055208
0.538216
0.643359
0.000055
0.800747
0.026325
0.538302
0.643359
0.000000
0.800408
0.026403
0.538130
0.643359
0.000055
0.800069
0.022486
0.538302
0.643359
0.000001
0.800069
0.022524
0.537872
0.643359
0.000055
0.800238
0.022029
0.537958
0.643359
0.000001
0.800238
0.022068
0.538302
0.643359
0.000055
0.799052
0.012249
0.538302
0.643359
0.000000
0.799221
0.012259
0.538645
0.643359
0.000055
0.798374
0.004219
0.537872
0.643359
0.000001
0.798204
0.004200
0.538473
0.643359
0.000055
0.798035
0.002440
0.538388
0.643359
0.000001
0.798035
0.002489
0.538302
0.643359
0.000055
0.797866
0.000068
0.538302
0.643359
0.000000
0.797696
0.000058
0.538473
0.643359
0.000055
0.797696
0.000029
0.539074
0.643359
0.000001
0.797696
0.000019
0.538044
0.643359
0.000055
0.797696
0.000029
0.538302
0.643359
0.000001
0.797696
0.000019
0.538044
0.643359
0.000055
0.797866
0.000000
0.538044
0.643359
0.000000
0.797696
0.000019
0.538130
0.643359
0.000055
0.797696
0.000000
0.537958
0.643359
0.000001
0.797696
0.000019
0.538302
0.643359
0.000055
0.797527
0.000010
0.538216
0.643359
0.000001
0.797527
0.000010
0.537872
0.643359
0.000055
0.797696
0.000029
0.538388
0.643359
0.000000
0.797696
0.000019
0.538473
0.643359
0.000055
0.797696
0.000010
0.538473
0.643359
0.000001
0.797527
0.000019
0.538645
0.643359
0.000055
0.797357
0.000049
0.538216
0.643359
0.000001
0.797696
0.000019
0.537958
0.643359
0.000055
0.797527
-0.000019
0.538559
0.643359
0.000000
0.797527
-0.000010
0.537872
0.643359
0.000055
0.797357
-0.000039
0.538302
0.643359
0.000001
0.797696
0.000000
0.538302
0.643359
0.000055
0.797527
-0.000010
0.537958
0.643359
0.000001
0.797696
-0.000010
0.538302
0.643359
0.000055
0.797527
0.000000
0.537958
0.643359
0.000000
0.797696
-0.000010
0.538302
0.643359
0.000055
0.797527
-0.000010
0.538216
0.643359
0.000001
0.797696
-0.000010
0.537615
0.643359
0.000055
0.797527
0.000010
0.537787
0.643359
0.000001
0.797527
0.000000
0.537615
0.643359
0.000055
0.797527
0.000000
0.537615
0.643359
0.000000
0.797696
0.000000
0.537958
0.643359
0.000055
0.797527
0.000000
0.538216
0.643359
0.000001
0.797696
0.000000
0.538044
0.643359
0.000055
0.797696
-0.000010
0.538559
0.643359
0.000001
0.797696
-0.000010
0.538216
0.643359
0.000055
0.797866
0.000029
0.538216
0.643359
0.000000
0.797696
0.000000
0.538130
0.643359
0.000055
0.797866
-0.000010
0.538302
0.643359
0.000001
0.797696
-0.000010
0.538216
0.643359
0.000055
0.797527
0.000000
0.537958
0.643359
0.000001
0.797696
-0.000010
0.538044
0.643359
0.000055
0.797527
-0.000019
0.538044
0.643359
0.000000
0.797696
-0.000010
0.538216
0.643359
0.000055
0.797527
0.000019
0.537958
0.643359
0.000001
0.797696
0.000000
0.538216
0.643359
0.000055
0.797696
0.000000
0.538130
0.643359
0.000001
0.797696
0.000000
0.537787
0.643359
0.000055
0.797696
0.000010
0.537787
0.643359
0.000000
0.797696
0.000000
0.538044
0.643359
0.000055
0.798035
0.000010
0.537958
0.643359
0.000001
0.797696
0.000010
0.538302
0.643359
0.000055
0.797696
-0.000010
0.538302
0.643359
0.000001
0.797527
-0.000010
0.538302
0.643359
0.000055
0.797696
-0.000029
0.538388
0.643359
0.000000
0.797527
-0.000010
0.538473
0.643359
0.000055
0.797527
-0.000019
0.538216
0.643359
0.000001
0.797696
0.000000
0.537701
0.643359
0.000055
0.797527
0.000010
0.537958
0.643359
0.000001
0.797527
-0.000010
0.537615
0.643359
0.000055
0.797696
0.000000
0.538645
0.643359
0.000000
0.797696
0.000000
0.538130
0.643359
0.000055
0.797527
0.000000
0.537958
0.643359
0.000001
0.797696
-0.000010
0.538130
0.643359
0.000055
0.797696
0.000000
0.538559
0.643359
0.000001
0.797527
0.000000
0.537787
0.643359
0.000055
0.797527
0.000000
0.538645
0.643359
0.000000
0.797696
0.000000
0.537872
0.643359
0.000055
0.797357
0.000000
0.538302
0.643359
0.000001
0.797527
-0.000010
0.537958
0.643359
0.000055
0.797696
0.000000
0.537958
0.643359
0.000001
0.797696
0.000000
0.538302
0.643359
0.000055
0.797527
-0.000010
0.538302
0.643359
0.000000
0.797696
0.000000
0.537872
0.643359
0.000055
0.797696
0.000029
0.538130
0.643359
0.000001
0.797696
0.000000
0.538302
0.643359
0.000055
0.797527
0.000000
0.538388
0.643359
0.000001
0.797527
-0.000010
0.538044
0.643359
0.000055
0.797696
-0.000340
0.538044
0.643359
0.000000
0.797696
-0.000311
0.537787
0.643358
0.000055
0.796849
-0.006698
0.538216
0.643358
0.000001
0.796849
-0.006698
0.538388
0.643358
0.000055
0.794137
-0.033335
0.537872
0.643358
0.000001
0.793967
-0.033471
0.537958
0.643358
0.000055
0.790408
-0.067690
0.537958
0.643358
0.000000
0.789900
-0.067875
0.537958
0.643358
0.000055
0.789391
-0.070402
0.538473
0.643358
0.000001
0.789222
-0.070665
0.538302
0.643358
0.000055
0.791764
-0.046565
0.538645
0.643358
0.000001
0.791764
-0.046731
0.537958
0.643358
0.000055
0.792950
-0.032839
0.537958
0.643358
0.000000
0.792950
-0.032975
0.538302
0.643358
0.000055
0.791934
-0.044349
0.538731
0.643358
0.000001
0.791595
-0.044466
0.538645
0.643358
0.000055
0.789391
-0.068137
0.538044
0.643358
0.000001
0.788883
-0.068351
0.538044
0.643358
0.000055
0.787527
-0.080405
0.538044
0.643358
0.000000
0.787188
-0.080678
0.538388
0.643358
0.000055
0.788035
-0.073037
0.538559
0.643358
0.000001
0.787696
-0.073221
0.538130
0.643358
0.000055
0.789730
-0.052320
0.538216
0.643358
0.000001
0.789730
-0.052476
0.537615
0.643358
0.000055
0.792611
-0.025023
0.537615
0.643358
0.000000
0.792781
-0.025149
0.538559
0.643358
0.000055
0.796679
0.016108
0.538044
0.643358
0.000001
0.797357
0.016137
0.538302
0.643358
0.000055
0.803119
0.071277
0.537357
0.643358
0.000001
0.803628
0.071452
0.537529
0.643358
0.000055
0.806170
0.094482
0.537529
0.643358
0.000000
0.806679
0.094667
0.538645
0.643358
0.000055
0.804306
0.068438
0.537701
0.643358
0.000001
0.804306
0.068643
0.537014
0.643358
0.000055
0.800069
0.026948
0.538302
0.643358
0.000001
0.800238
0.027025
0.538130
0.643358
0.000055
0.797018
-0.003179
0.538130
0.643358
0.000000
0.796849
-0.003179
0.538044
0.643358
0.000055
0.794984
-0.021251
0.538044
0.643358
0.000001
0.794815
-0.021329
0.538302
0.643358
0.000055
0.793120
-0.041510
0.538302
0.643358
0.000001
0.792442
-0.041685
0.538216
0.643358
0.000055
0.790069
-0.063121
0.538044
0.643358
0.000000
0.789900
-0.063296
0.537872
0.643358
0.000055
0.788713
-0.076303
0.537958
0.643358
0.000001
0.788035
-0.076565
0.537958
0.643358
0.000055
0.787527
-0.079978
0.538645
0.643358
0.000001
0.787358
-0.080211
0.538473
0.643358
0.000055
0.788205
-0.072162
0.537872
0.643358
0.000000
0.787866
-0.072366
0.538388
0.643358
0.000055
0.787527
-0.075253
0.537872
0.643358
0.000001
0.787188
-0.075545
0.538044
0.643358
0.000055
0.787358
-0.073396
0.537958
0.643358
0.000001
0.787188
-0.073639
0.538044
0.643358
0.000055
0.788035
-0.063685
0.537958
0.643358
0.000000
0.788035
-0.063860
0.538130
0.643358
0.000055
0.788544
-0.057657
0.538216
0.643358
0.000001
0.788374
-0.057823
0.537958
0.643358
0.000055
0.786680
-0.076177
0.537958
0.643358
0.000001
0.786341
-0.076400
0.537787
0.643358
0.000055
0.784307
-0.097340
0.537958
0.643358
0.000000
0.783798
-0.097583
0.537701
0.643358
0.000055
0.785324
-0.081251
0.537958
0.643358
0.000001
0.785324
-0.081591
0.537958
0.643358
0.000055
0.789900
-0.033860
0.537357
0.643358
0.000001
0.790239
-0.033996
0.537615
0.643358
0.000055
0.796001
0.024430
0.537872
0.643358
0.000000
0.796849
0.024527
0.537529
0.643358
0.000055
0.802950
0.083925
0.537958
0.643358
0.000001
0.803628
0.084168
0.537958
0.643358
0.000055
0.805323
0.099051
0.537787
0.643358
0.000001
0.806001
0.099245
0.538044
0.643358
0.000055
0.802103
0.058280
0.537958
0.643358
0.000000
0.802103
0.058396
0.537958
0.643358
0.000055
0.797357
0.008409
0.538302
0.643358
0.000001
0.796849
0.008419
0.538044
0.643358
0.000055
0.793289
-0.024537
0.537958
0.643358
0.000001
0.793289
-0.024576
0.537872
0.643358
0.000055
0.790239
-0.052816
0.538130
0.643358
0.000000
0.790069
-0.053050
0.537787
0.643358
0.000055
0.788713
-0.065814
0.537958
0.643358
0.000001
0.788205
-0.066028
0.538044
0.643358
0.000055
0.790239
-0.047839
0.537958
0.643358
0.000001
0.790069
-0.048004
0.538388
0.643358
0.000055
0.792103
-0.026219
0.538388
0.643358
0.000000
0.792273
-0.026325
0.538302
0.643358
0.000055
0.793459
-0.015593
0.537958
0.643358
0.000001
0.793289
-0.015622
0.538388
0.643358
0.000055
0.794645
-0.003714
0.537872
0.643358
0.000001
0.794645
-0.003714
0.538903
0.643358
0.000055
0.797357
0.022904
0.538903
0.643358
0.000000
0.797696
0.022972
0.538044
0.643358
0.000055
0.799899
0.042171
0.538130
0.643358
0.000001
0.800069
0.042288
0.538302
0.643358
0.000055
0.800069
0.043328
0.538473
0.643358
0.000001
0.800408
0.043435
0.538130
0.643358
0.000055
0.799730
0.034822
0.538130
0.643358
0.000000
0.799730
0.034890
0.538388
0.643358
0.000055
0.798543
0.024002
0.538130
0.643358
0.000001
0.798713
0.024041
0.538216
0.643358
0.000055
0.798204
0.015817
0.538473
0.643358
0.000001
0.798035
0.015856
0.537872
0.643358
0.000055
0.797357
0.009857
0.538302
0.643358
0.000000
0.797527
0.009877
0.538302
0.643358
0.000055
0.796849
0.004783
0.538903
0.643358
0.000001
0.796849
0.004793
0.538388
0.643358
0.000055
0.796849
0.001769
0.538302
0.643358
0.000001
0.796510
0.001769
0.537958
0.643358
0.000055
0.796171
-0.000817
0.537958
0.643358
0.000000
0.796171
-0.000826
0.538903
0.643358
0.000055
0.796171
-0.003879
0.538216
0.643358
0.000001
0.795832
-0.003879
0.538130
0.643358
0.000055
0.795662
-0.005036
0.537958
0.643358
0.000001
0.795662
-0.005055
0.538216
0.643358
0.000055
0.795493
-0.006737
0.538216
0.643358
0.000000
0.795493
-0.006747
0.538559
0.643358
0.000055
0.795662
-0.007923
0.537872
0.643358
0.000001
0.795323
-0.007962
0.537872
0.643358
0.000055
0.795323
-0.008001
0.537958
0.643358
0.000001
0.795323
-0.008001
0.538130
0.643358
0.000055
0.795154
-0.010946
0.538302
0.643358
0.000000
0.794984
-0.010946
0.537958
0.643358
0.000055
0.794476
-0.014563
0.537958
0.643358
0.000001
0.794645
-0.014543
0.538130
0.643358
0.000055
0.793967
-0.018383
0.538302
0.643358
0.000001
0.794137
-0.018412
0.538388
0.643358
0.000055
0.793798
-0.023331
0.538388
0.643358
0.000000
0.793459
-0.023360
0.537958
0.643358
0.000055
0.792611
-0.028804
0.538559
0.643358
0.000001
0.792781
-0.028853
0.539503
0.643358
0.000055
0.791595
-0.043911
0.538473
0.643358
0.000001
0.791086
-0.044116
0.537958
0.643358
0.000055
0.789730
-0.057560
0.537958
0.643358
0.000000
0.789391
-0.057784
0.537615
0.643358
0.000055
0.788713
-0.065736
0.537958
0.643358
0.000001
0.788205
-0.065901
0.538044
0.643358
0.000055
0.786341
-0.084751
0.537958
0.643358
0.000001
0.785832
-0.084984
0.537701
0.643358
0.000055
0.784307
-0.097865
0.537701
0.643358
0.000000
0.783968
-0.098118
0.537958
0.643358
0.000055
0.783798
-0.097875
0.537787
0.643358
0.000001
0.783629
-0.098118
0.538302
0.643358
0.000055
0.781934
-0.114119
0.537958
0.643358
0.000001
0.781595
-0.114401
0.537872
0.643358
0.000055
0.780409
-0.124735
0.538473
0.643358
0.000000
0.780070
-0.124968
0.537958
0.643358
0.000055
0.782104
-0.105185
0.537958
0.643358
0.000001
0.781595
-0.105457
0.537872
0.643358
0.000055
0.783120
-0.090214
0.538302
0.643358
0.000001
0.782951
-0.090467
0.538130
0.643358
0.000055
0.783968
-0.081028
0.538130
0.643358
0.000000
0.783798
-0.081290
0.538216
0.643358
0.000055
0.783120
-0.087531
0.537872
0.643358
0.000001
0.782951
-0.087716
0.538302
0.643358
0.000055
0.780917
-0.108510
0.538302
0.643358
0.000001
0.780578
-0.108763
0.538388
0.643358
0.000055
0.778714
-0.127904
0.538388
0.643358
0.000000
0.778205
-0.128186
0.537958
0.643358
0.000055
0.777528
-0.135001
0.538130
0.643358
0.000001
0.777019
-0.135321
0.538130
0.643358
0.000055
0.777528
-0.128944
0.538473
0.643358
0.000001
0.777189
-0.129178
0.538645
0.643358
0.000055
0.778375
-0.115665
0.538645
0.643358
0.000000
0.778375
-0.115966
0.538302
0.643358
0.000055
0.779731
-0.100344
0.538302
0.643358
0.000001
0.779731
-0.100606
0.537958
0.643358
0.000055
0.781595
-0.080989
0.538388
0.643358
0.000001
0.781765
-0.081222
0.538731
0.643358
0.000055
0.783120
-0.068118
0.538473
0.643358
0.000000
0.783120
-0.068331
0.538302
0.643358
0.000055
0.783120
-0.065872
0.538302
0.643358
0.000001
0.783459
-0.066076
0.538903
0.643358
0.000055
0.783290
-0.066348
0.538645
0.643358
0.000001
0.783290
-0.066504
0.537958
0.643358
0.000055
0.782443
-0.075039
0.537958
0.643358
0.000000
0.782273
-0.075331
0.538044
0.643358
0.000055
0.781934
-0.079093
0.538302
0.643358
0.000001
0.781765
-0.079336
0.537958
0.643358
0.000055
0.781934
-0.077411
0.538473
0.643358
0.000001
0.781934
-0.077596
0.538817
0.643358
0.000055
0.782273
-0.075409
0.538817
0.643358
0.000000
0.781934
-0.075691
0.538645
0.643358
0.000055
0.782443
-0.070558
0.538216
0.643358
0.000001
0.782443
-0.070762
0.538302
0.643358
0.000055
0.783120
-0.059689
0.538559
0.643358
0.000001
0.783629
-0.059893
0.537958
0.643358
0.000055
0.785154
-0.042628
0.537958
0.643358
0.000000
0.785324
-0.042793
0.538216
0.643358
0.000055
0.788713
-0.005930
0.538559
0.643358
0.000001
0.789561
-0.005920
0.538302
0.643358
0.000055
0.794306
0.041073
0.538130
0.643358
0.000001
0.794984
0.041189
0.537958
0.643358
0.000055
0.796510
0.056753
0.537958
0.643358
0.000000
0.797188
0.056889
0.538473
0.643358
0.000055
0.795154
0.035950
0.538473
0.643358
0.000001
0.795493
0.036027
0.538044
0.643358
0.000055
0.792103
0.003548
0.537958
0.643358
0.000001
0.792103
0.003519
0.538130
0.643358
0.000055
0.790917
-0.006494
0.538130
0.643358
0.000000
0.791256
-0.006552
0.538130
0.643358
0.000055
0.793289
0.014913
0.538130
0.643358
0.000001
0.793628
0.014961
0.538302
0.643358
0.000055
0.797866
0.056442
0.538473
0.643358
0.000001
0.798374
0.056588
0.538302
0.643358
0.000055
0.800916
0.082700
0.537701
0.643358
0.000000
0.801594
0.082904
0.540104
0.643358
0.000055
0.799730
0.066727
0.538130
0.643358
0.000001
0.800408
0.066941
0.538302
0.643358
0.000055
0.799560
0.058017
0.538473
0.643358
0.000001
0.799730
0.058182
0.538044
0.643358
0.000055
0.800238
0.061954
0.537872
0.643358
0.000000
0.800408
0.062110
0.538130
0.643358
0.000055
0.799899
0.055169
0.538645
0.643358
0.000001
0.800069
0.055324
0.537958
0.643358
0.000055
0.801086
0.065921
0.538044
0.643358
0.000001
0.801425
0.066037
0.538130
0.643358
0.000055
0.803119
0.082252
0.538130
0.643358
0.000000
0.803458
0.082476
0.538302
0.643358
0.000055
0.798713
0.034589
0.538388
0.643358
0.000001
0.798713
0.034715
0.538216
0.643358
0.000055
0.798374
0.031731
0.538044
0.643358
0.000001
0.798374
0.031808
0.537958
0.643358
0.000055
0.796001
0.004870
0.537958
0.643358
0.000000
0.795493
0.004900
0.538645
0.643358
0.000055
0.794815
0.000243
0.538302
0.643358
0.000001
0.794984
0.000292
0.537701
0.643358
0.000055
0.795154
0.005959
0.537958
0.643358
0.000001
0.795493
0.005969
0.537529
0.643358
0.000055
0.794984
0.003159
0.537529
0.643358
0.000000
0.795154
0.003150
0.537701
0.643358
0.000055
0.794306
-0.006513
0.538130
0.643358
0.000001
0.794137
-0.006542
0.538130
0.643358
0.000055
0.793798
-0.008487
0.538302
0.643358
0.000001
0.793798
-0.008487
0.538302
0.643358
0.000055
0.795154
0.006027
0.538130
0.643358
0.000000
0.795323
0.006095
0.538302
0.643358
0.000055
0.795832
0.011986
0.537958
0.643358
0.000001
0.796001
0.011986
0.538388
0.643358
0.000055
0.793967
-0.007145
0.538473
0.643358
0.000001
0.793967
-0.007174
0.537958
0.643358
0.000055
0.791086
-0.035950
0.538130
0.643358
0.000000
0.790578
-0.036154
0.538473
0.643358
0.000055
0.788374
-0.058532
0.537872
0.643358
0.000001
0.788205
-0.058727
0.538044
0.643358
0.000055
0.786680
-0.068944
0.538302
0.643358
0.000001
0.786510
-0.069177
0.538388
0.643358
0.000055
0.786002
-0.075710
0.538388
0.643358
0.000000
0.785493
-0.075953
0.538216
0.643358
0.000055
0.783968
-0.089398
0.538388
0.643358
0.000001
0.783629
-0.089612
0.538559
0.643358
0.000055
0.780917
-0.119087
0.538559
0.643358
0.000001
0.780070
-0.119427
0.538130
0.643358
0.000055
0.777358
-0.146005
0.538130
0.643358
0.000000
0.776680
-0.146375
0.538216
0.643358
0.000055
0.776341
-0.147026
0.537958
0.643358
0.000001
0.776002
-0.147347
0.537958
0.643358
0.000055
0.778036
-0.123967
0.537872
0.643358
0.000001
0.777866
-0.124268
0.538388
0.643357
0.000055
0.778714
-0.113108
0.538216
0.643357
0.000000
0.778714
-0.113429
0.538130
0.643357
0.000055
0.779053
-0.112826
0.538044
0.643357
0.000001
0.778544
-0.113098
0.537958
0.643357
0.000055
0.779222
-0.103756
0.538044
0.643357
0.000001
0.779222
-0.104048
0.537958
0.643357
0.000055
0.781595
-0.075311
0.537958
0.643357
0.000000
0.782104
-0.075564
0.537872
0.643357
0.000055
0.786341
-0.031497
0.538473
0.643357
0.000001
0.786849
-0.031614
0.538044
0.643357
0.000055
0.787527
-0.021251
0.537958
0.643357
0.000001
0.788205
-0.021348
0.538302
0.643357
0.000055
0.790408
0.005716
0.538302
0.643357
0.000000
0.791425
0.005794
0.537958
0.643357
0.000055
0.794476
0.035221
0.538130
0.643357
0.000001
0.794815
0.035318
0.538044
0.643357
0.000055
0.794815
0.035201
0.537443
0.643357
0.000001
0.795323
0.035298
0.537958
0.643357
0.000055
0.795323
0.035191
0.538044
0.643357
0.000000
0.795493
0.035279
0.538130
0.643357
0.000055
0.795493
0.035143
0.538130
0.643357
0.000001
0.795832
0.035269
0.537958
0.643357
0.000055
0.796001
0.035201
0.537958
0.643357
0.000001
0.796001
0.035240
0.537787
0.643357
0.000055
0.796001
0.035172
0.537272
0.643357
0.000000
0.796340
0.035240
0.537529
0.643357
0.000055
0.796510
0.035123
0.538044
0.643357
0.000001
0.796679
0.035221
0.537958
0.643357
0.000055
0.790239
-0.027580
0.537787
0.643357
0.000001
0.789730
-0.027735
0.537958
0.643357
0.000055
0.783968
-0.088814
0.538044
0.643357
0.000000
0.782951
-0.089096
0.537787
0.643357
0.000055
0.780070
-0.116958
0.537787
0.643357
0.000001
0.779222
-0.117269
0.537615
0.643357
0.000055
0.777358
-0.136984
0.537872
0.643357
0.000001
0.776680
-0.137266
0.537615
0.643357
0.000055
0.775155
-0.150603
0.537958
0.643357
0.000000
0.774646
-0.150915
0.538044
0.643357
0.000055
0.773968
-0.154745
0.537787
0.643357
0.000001
0.773460
-0.155066
0.537701
0.643357
0.000055
0.771765
-0.169395
0.538044
0.643357
0.000001
0.771426
-0.169677
0.538216
0.643357
0.000055
0.769731
-0.184424
0.538216
0.643357
0.000000
0.769223
-0.184803
0.537872
0.643357
0.000055
0.770918
-0.165876
0.537701
0.643357
0.000001
0.770579
-0.166206
0.537958
0.643357
0.000055
0.776511
-0.105360
0.537787
0.643357
0.000001
0.776680
-0.105671
0.537787
0.643357
0.000055
0.782951
-0.043435
0.537787
0.643357
0.000000
0.783459
-0.043561
0.537100
0.643357
0.000055
0.788035
-0.000185
0.537615
0.643357
0.000001
0.788544
-0.000204
0.538302
0.643357
0.000055
0.789052
0.005668
0.537787
0.643357
0.000001
0.789391
0.005677
0.537701
0.643357
0.000055
0.787866
-0.007874
0.537701
0.643357
0.000000
0.788205
-0.007923
0.537357
0.643357
0.000055
0.786680
-0.024022
0.537615
0.643357
0.000001
0.786680
-0.024148
0.537701
0.643357
0.000055
0.785493
-0.038098
0.537701
0.643357
0.000001
0.785154
-0.038273
0.537529
0.643357
0.000055
0.784476
-0.047839
0.537357
0.643357
0.000000
0.784137
-0.048004
0.537615
0.643357
0.000055
0.783629
-0.050697
0.537701
0.643357
0.000001
0.783798
-0.050940
0.537443
0.643357
0.000055
0.784307
-0.044067
0.537615
0.643357
0.000001
0.784476
-0.044203
0.537272
0.643357
0.000055
0.785154
-0.034540
0.537872
0.643357
0.000000
0.785493
-0.034686
0.537357
0.643357
0.000055
0.786341
-0.022476
0.537186
0.643357
0.000001
0.786849
-0.022592
0.537958
0.643357
0.000055
0.788374
-0.008137
0.537701
0.643357
0.000001
0.788544
-0.008156
0.537615
0.643357
0.000055
0.789900
0.003714
0.537958
0.643357
0.000000
0.790069
0.003714
0.537872
0.643357
0.000055
0.791764
0.019501
0.537958
0.643357
0.000001
0.791934
0.019540
0.538216
0.643357
0.000055
0.793120
0.030165
0.538044
0.643357
0.000001
0.793459
0.030204
0.537872
0.643357
0.000055
0.792611
0.019550
0.537872
0.643357
0.000000
0.792611
0.019559
0.538044
0.643357
0.000055
0.790408
-0.000787
0.537701
0.643357
0.000001
0.790408
-0.000807
0.537272
0.643357
0.000055
0.788713
-0.016935
0.537701
0.643357
0.000001
0.788713
-0.016993
0.538044
0.643357
0.000055
0.788544
-0.019054
0.538044
0.643357
0.000000
0.788374
-0.019161
0.537787
0.643357
0.000055
0.789222
-0.012988
0.537787
0.643357
0.000001
0.789222
-0.013027
0.537443
0.643357
0.000055
0.790069
-0.006912
0.537872
0.643357
0.000001
0.789730
-0.006892
0.537872
0.643357
0.000055
0.790747
0.004793
0.537872
0.643357
0.000000
0.791256
0.004822
0.537701
0.643357
0.000055
0.792103
0.017946
0.537872
0.643357
0.000001
0.792781
0.017994
0.537872
0.643357
0.000055
0.793628
0.026588
0.538216
0.643357
0.000001
0.793967
0.026646
0.537787
0.643357
0.000055
0.793967
0.025898
0.537787
0.643357
0.000000
0.793967
0.025946
0.537787
0.643357
0.000055
0.793289
0.020269
0.537958
0.643357
0.000001
0.793628
0.020269
0.537272
0.643357
0.000055
0.793967
0.024196
0.537701
0.643357
0.000001
0.794137
0.024226
0.537272
0.643357
0.000055
0.795323
0.033403
0.537272
0.643357
0.000000
0.795323
0.033519
0.537615
0.643357
0.000055
0.795493
0.034346
0.537701
0.643357
0.000001
0.795662
0.034453
0.537958
0.643357
0.000055
0.793628
0.013250
0.537443
0.643357
0.000001
0.793459
0.013250
0.537186
0.643357
0.000055
0.791764
-0.002372
0.537186
0.643357
0.000000
0.791764
-0.002372
0.537787
0.643357
0.000055
0.791425
-0.008623
0.537357
0.643357
0.000001
0.791086
-0.008662
0.537615
0.643357
0.000055
0.790917
-0.010003
0.538044
0.643357
0.000001
0.790917
-0.010003
0.537958
0.643357
0.000055
0.791256
-0.004919
0.537958
0.643357
0.000000
0.791425
-0.005026
0.537443
0.643357
0.000055
0.790578
-0.011782
0.537872
0.643357
0.000001
0.790578
-0.011802
0.537787
0.643357
0.000055
0.790578
-0.013124
0.537615
0.643357
0.000001
0.790408
-0.013124
0.537357
0.643357
0.000055
0.791086
-0.009546
0.537357
0.643357
0.000000
0.790747
-0.009556
0.537872
0.643357
0.000055
0.793628
0.019229
0.537615
0.643357
0.000001
0.793967
0.019239
0.538044
0.643357
0.000055
0.796510
0.044495
0.538130
0.643357
0.000001
0.797018
0.044660
0.537958
0.643357
0.000055
0.794815
0.020026
0.537958
0.643357
0.000000
0.794476
0.020055
0.538216
0.643357
0.000055
0.792103
-0.004200
0.537958
0.643357
0.000001
0.791934
-0.004180
0.537872
0.643357
0.000055
0.792103
-0.003062
0.537529
0.643357
0.000001
0.791934
-0.003053
0.537787
0.643357
0.000055
0.791764
-0.002051
0.537787
0.643357
0.000000
0.792103
-0.002071
0.537357
0.643357
0.000055
0.791934
-0.003451
0.537787
0.643357
0.000001
0.791934
-0.003461
0.537958
0.643357
0.000055
0.792103
-0.001954
0.537615
0.643357
0.000001
0.792103
-0.001935
0.537615
0.643357
0.000055
0.791764
-0.004637
0.537615
0.643357
0.000000
0.791764
-0.004588
0.537787
0.643357
0.000055
0.791086
-0.009478
0.537872
0.643357
0.000001
0.791256
-0.009517
0.537701
0.643357
0.000055
0.790578
-0.017537
0.537958
0.643357
0.000001
0.790239
-0.017605
0.537787
0.643357
0.000055
0.788713
-0.035502
0.537787
0.643357
0.000000
0.788205
-0.035629
0.537443
0.643357
0.000055
0.785324
-0.062664
0.537787
0.643357
0.000001
0.784985
-0.062868
0.538130
0.643357
0.000055
0.783120
-0.081329
0.537615
0.643357
0.000001
0.782781
-0.081601
0.537701
0.643357
0.000055
0.784307
-0.064637
0.537701
0.643357
0.000000
0.784307
-0.064842
0.537443
0.643357
0.000055
0.787358
-0.033257
0.538044
0.643357
0.000001
0.787527
-0.033412
0.537443
0.643357
0.000055
0.788374
-0.024323
0.536757
0.643357
0.000001
0.788544
-0.024430
0.537357
0.643357
0.000055
0.787696
-0.031925
0.537357
0.643357
0.000000
0.787527
-0.032042
0.537872
0.643357
0.000055
0.787696
-0.033286
0.537872
0.643357
0.000001
0.787358
-0.033393
0.537443
0.643357
0.000055
0.787696
-0.028279
0.537443
0.643357
0.000001
0.787866
-0.028435
0.537958
0.643357
0.000055
0.787358
-0.034112
0.537958
0.643357
0.000000
0.787188
-0.034268
0.537443
0.643357
0.000055
0.787358
-0.033685
0.537872
0.643357
0.000001
0.787188
-0.033840
0.537272
0.643357
0.000055
0.787866
-0.027307
0.537615
0.643357
0.000001
0.787866
-0.027395
0.537443
0.643357
0.000055
0.788544
-0.020318
0.537443
0.643357
0.000000
0.788544
-0.020395
0.537958
0.643357
0.000055
0.789222
-0.017353
0.537872
0.643357
0.000001
0.788883
-0.017430
0.537701
0.643357
0.000055
0.789052
-0.017304
0.538645
0.643357
0.000001
0.789052
-0.017275
0.537958
0.643357
0.000055
0.788713
-0.018558
0.537958
0.643357
0.000000
0.788883
-0.018587
0.537615
0.643357
0.000055
0.788713
-0.022699
0.538388
0.643357
0.000001
0.788374
-0.022758
0.537872
0.643357
0.000055
0.788035
-0.024410
0.538302
0.643357
0.000001
0.788205
-0.024430
0.537958
0.643357
0.000055
0.788205
-0.019054
0.537958
0.643357
0.000000
0.788713
-0.018996
0.537529
0.643357
0.000055
0.790578
-0.002119
0.537701
0.643357
0.000001
0.790578
-0.002110
0.537615
0.643357
0.000055
0.792781
0.020716
0.537958
0.643357
0.000001
0.793120
0.020726
0.538302
0.643357
0.000055
0.793798
0.028406
0.538302
0.643357
0.000000
0.794137
0.028435
0.538044
0.643357
0.000055
0.793459
0.019870
0.538302
0.643357
0.000001
0.793628
0.019919
0.538044
0.643357
0.000055
0.792442
0.008020
0.537787
0.643357
0.000001
0.792273
0.008010
0.537615
0.643357
0.000055
0.791595
-0.001662
0.537615
0.643357
0.000000
0.791425
-0.001672
0.537701
0.643357
0.000055
0.790239
-0.009984
0.537958
0.643357
0.000001
0.790408
-0.009945
0.537186
0.643357
0.000055
0.790069
-0.015263
0.538388
0.643357
0.000001
0.789730
-0.015233
0.537701
0.643357
0.000055
0.789391
-0.019521
0.537701
0.643357
0.000000
0.789391
-0.019521
0.538044
0.643357
0.000055
0.788544
-0.028357
0.537872
0.643357
0.000001
0.788205
-0.028377
0.537701
0.643357
0.000055
0.786849
-0.040606
0.537615
0.643357
0.000001
0.786849
-0.040752
0.537872
0.643357
0.000055
0.786510
-0.042356
0.537872
0.643357
0.000000
0.786510
-0.042521
0.537701
0.643357
0.000055
0.787866
-0.029524
0.537958
0.643357
0.000001
0.787696
-0.029602
0.537443
0.643357
0.000055
0.789391
-0.011413
0.538044
0.643357
0.000001
0.789561
-0.011423
0.537872
0.643357
0.000055
0.792781
0.020716
0.537872
0.643357
0.000000
0.793289
0.020755
0.537443
0.643357
0.000055
0.796001
0.049346
0.537701
0.643357
0.000001
0.796679
0.049472
0.537958
0.643357
0.000055
0.796510
0.048694
0.538044
0.643357
0.000001
0.796849
0.048830
0.537787
0.643357
0.000055
0.795154
0.032236
0.537787
0.643357
0.000000
0.795323
0.032304
0.537615
0.643357
0.000055
0.793967
0.017255
0.537186
0.643357
0.000001
0.793798
0.017285
0.537443
0.643357
0.000055
0.792781
0.008633
0.537186
0.643357
0.000001
0.792950
0.008652
0.537701
0.643357
0.000055
0.792273
0.003986
0.537701
0.643357
0.000000
0.792442
0.003986
0.537701
0.643357
0.000055
0.792442
0.001546
0.537100
0.643357
0.000001
0.792103
0.001585
0.537787
0.643357
0.000055
0.792442
0.002003
0.537787
0.643357
0.000001
0.792273
0.002032
0.537443
0.643357
0.000055
0.792273
0.002916
0.537443
0.643357
0.000000
0.792273
0.002926
0.537357
0.643357
0.000055
0.792273
0.002596
0.537443
0.643357
0.000001
0.792273
0.002615
0.537529
0.643357
0.000055
0.792103
0.002421
0.537357
0.643357
0.000001
0.792273
0.002411
0.537787
0.643357
0.000055
0.792273
0.001789
0.537787
0.643357
0.000000
0.792273
0.001730
0.537357
0.643357
0.000055
0.792103
0.000486
0.537787
0.643357
0.000001
0.792273
0.000486
0.537443
0.643357
0.000055
0.792273
0.000039
0.537787
0.643357
0.000001
0.792103
0.000039
0.537443
0.643357
0.000055
0.792103
-0.000010
0.537443
0.643357
0.000000
0.792103
0.000000
0.537272
0.643357
0.000055
0.792273
0.000000
0.537272
0.643357
0.000001
0.792103
0.000000
0.537701
0.643357
0.000055
0.792103
-0.000019
0.537357
0.643357
0.000001
0.792103
0.000000
0.537443
0.643357
0.000055
0.792103
0.000000
0.537443
0.643357
0.000000
0.792103
-0.000010
0.537615
0.643357
0.000055
0.791934
0.000010
0.537787
0.643357
0.000001
0.792103
0.000000
0.537186
0.643357
0.000055
0.792103
-0.000807
0.537014
0.643357
0.000001
0.791934
-0.000807
0.537615
0.643357
0.000055
0.791425
-0.005794
0.537615
0.643357
0.000000
0.791595
-0.005804
0.537872
0.643357
0.000055
0.790069
-0.017819
0.537872
0.643357
0.000001
0.790069
-0.017848
0.537615
0.643356
0.000055
0.788035
-0.036319
0.537787
0.643356
0.000001
0.788035
-0.036465
0.537615
0.643356
0.000055
0.785663
-0.059067
0.537615
0.643356
0.000000
0.785324
-0.059320
0.537357
0.643356
0.000055
0.782781
-0.082894
0.537272
0.643356
0.000001
0.782443
-0.083098
0.537357
0.643356
0.000055
0.781426
-0.094589
0.538302
0.643356
0.000001
0.780748
-0.094851
0.537787
0.643356
0.000055
0.782443
-0.074835
0.537787
0.643356
0.000000
0.782443
-0.075059
0.537529
0.643356
0.000055
0.786510
-0.036844
0.537872
0.643356
0.000001
0.786341
-0.037019
0.536928
0.643356
0.000055
0.789222
-0.009624
0.537357
0.643356
0.000001
0.789561
-0.009634
0.537958
0.643356
0.000055
0.791425
0.010596
0.537958
0.643356
0.000000
0.791934
0.010684
0.537529
0.643356
0.000055
0.793120
0.021902
0.537872
0.643356
0.000001
0.793289
0.021941
0.537958
0.643356
0.000055
0.792781
0.018568
0.537787
0.643356
0.000001
0.793120
0.018558
0.537529
0.643356
0.000055
0.792950
0.015418
0.537529
0.643356
0.000000
0.792781
0.015428
0.537958
0.643356
0.000055
0.792950
0.017061
0.537529
0.643356
0.000001
0.793289
0.017080
0.537872
0.643356
0.000055
0.793120
0.017304
0.537014
0.643356
0.000001
0.793459
0.017314
0.537272
0.643356
0.000055
0.792950
0.011189
0.537272
0.643356
0.000000
0.792781
0.011189
0.537529
0.643356
0.000055
0.791764
0.000583
0.537186
0.643356
0.000001
0.791764
0.000564
0.537787
0.643356
0.000055
0.790747
-0.007728
0.537615
0.643356
0.000001
0.790747
-0.007758
0.537615
0.643356
0.000055
0.790239
-0.011471
0.537615
0.643356
0.000000
0.790239
-0.011442
0.537443
0.643356
0.000055
0.790239
-0.013075
0.537272
0.643356
0.000001
0.790069
-0.013085
0.537272
0.643356
0.000055
0.789730
-0.014815
0.535383
0.643356
0.000001
0.789900
-0.014835
0.537357
0.643356
0.000055
0.789391
-0.020395
0.537357
0.643356
0.000000
0.789222
-0.020425
0.536842
0.643356
0.000055
0.787866
-0.030408
0.537357
0.643356
0.000001
0.788035
-0.030564
0.537872
0.643356
0.000055
0.787358
-0.036105
0.537701
0.643356
0.000001
0.787358
-0.036290
0.537357
0.643356
0.000055
0.787866
-0.028863
0.537357
0.643356
0.000000
0.787866
-0.028950
0.537787
0.643356
0.000055
0.789561
-0.014300
0.537186
0.643356
0.000001
0.789561
-0.014329
0.537701
0.643356
0.000055
0.790747
0.000904
0.537186
0.643356
0.000001
0.791256
0.000894
0.537272
0.643356
0.000055
0.791934
0.007213
0.537272
0.643356
0.000000
0.791934
0.007223
0.537272
0.643356
0.000055
0.791256
0.000593
0.537357
0.643356
0.000001
0.791425
0.000525
0.537100
0.643356
0.000055
0.790239
-0.009119
0.537186
0.643356
0.000001
0.790239
-0.009128
0.537357
0.643356
0.000055
0.789052
-0.019141
0.537357
0.643356
0.000000
0.789222
-0.019161
0.538044
0.643356
0.000055
0.787527
-0.034628
0.537615
0.643356
0.000001
0.787358
-0.034793
0.537443
0.643356
0.000055
0.784307
-0.064365
0.537787
0.643356
0.000001
0.783968
-0.064657
0.537186
0.643356
0.000055
0.779561
-0.109978
0.537186
0.643356
0.000000
0.778714
-0.110231
0.537443
0.643356
0.000055
0.775155
-0.144605
0.537787
0.643356
0.000001
0.774307
-0.144965
0.537958
0.643356
0.000055
0.776850
-0.120137
0.537701
0.643356
0.000001
0.776511
-0.120457
0.538302
0.643356
0.000055
0.782273
-0.058095
0.538302
0.643356
0.000000
0.782781
-0.058260
0.537787
0.643356
0.000055
0.787019
-0.015622
0.537787
0.643356
0.000001
0.787527
-0.015632
0.537443
0.643356
0.000055
0.789391
0.001653
0.537787
0.643356
0.000001
0.789561
0.001682
0.537529
0.643356
0.000055
0.789391
0.000612
0.537529
0.643356
0.000000
0.789561
0.000622
0.537615
0.643356
0.000055
0.788713
-0.010071
0.537701
0.643356
0.000001
0.788544
-0.010101
0.537529
0.643356
0.000055
0.788035
-0.011734
0.537701
0.643356
0.000001
0.788544
-0.011782
0.537701
0.643356
0.000055
0.790239
0.006377
0.537701
0.643356
0.000000
0.790408
0.006416
0.537872
0.643356
0.000055
0.793289
0.035152
0.537615
0.643356
0.000001
0.793798
0.035269
0.537958
0.643356
0.000055
0.796510
0.062771
0.537357
0.643356
0.000001
0.797188
0.062956
0.537443
0.643356
0.000055
0.799052
0.080629
0.537443
0.643356
0.000000
0.799560
0.080785
0.537787
0.643356
0.000055
0.799391
0.078753
0.537787
0.643356
0.000001
0.799730
0.078957
0.537443
0.643356
0.000055
0.797696
0.059009
0.538044
0.643356
0.000001
0.798035
0.059155
0.537529
0.643356
0.000055
0.795154
0.030340
0.537529
0.643356
0.000000
0.795154
0.030418
0.537615
0.643356
0.000055
0.792781
0.010013
0.538130
0.643356
0.000001
0.792950
0.010013
0.537529
0.643356
0.000055
0.791934
0.001604
0.537872
0.643356
0.000001
0.791934
0.001604
0.537529
0.643356
0.000055
0.791764
-0.000010
0.537529
0.643356
0.000000
0.791764
0.000000
0.537529
0.643356
0.000055
0.791764
0.000000
0.537014
0.643356
0.000001
0.791764
-0.000019
0.537615
0.643356
0.000055
0.791934
-0.000010
0.537872
0.643356
0.000001
0.791764
-0.000019
0.537701
0.643356
0.000055
0.791425
-0.000019
0.537701
0.643356
0.000000
0.791595
-0.000029
0.537958
0.643356
0.000055
0.791764
0.000000
0.537787
0.643356
0.000001
0.791764
-0.000019
0.537615
0.643356
0.000055
0.791595
-0.000039
0.537701
0.643356
0.000001
0.791764
-0.000019
0.537958
0.643356
0.000055
0.791764
-0.000029
0.537958
0.643356
0.000000
0.791764
-0.000019
0.537958
0.643356
0.000055
0.791764
-0.000029
0.538044
0.643356
0.000001
0.791764
-0.000029
0.537872
0.643356
0.000055
0.791595
-0.000049
0.537958
0.643356
0.000001
0.791764
-0.000019
0.537787
0.643356
0.000055
0.791764
0.000000
0.537787
0.643356
0.000000
0.791764
-0.000019
0.537443
0.643356
0.000055
0.791764
-0.000039
0.538130
0.643356
0.000001
0.791764
-0.000019
0.537701
0.643356
0.000055
0.791595
-0.000029
0.537615
0.643356
0.000001
0.791595
-0.000019
0.539675
0.643356
0.000055
0.791764
-0.000039
0.539675
0.643356
0.000000
0.791764
-0.000029
0.537787
0.643356
0.000055
0.791934
0.000000
0.537615
0.643356
0.000001
0.791764
-0.000010
0.537701
0.643356
0.000055
0.791934
-0.000010
0.537787
0.643356
0.000001
0.791764
-0.000019
0.537787
0.643356
0.000055
0.791425
0.000000
0.537787
0.643356
0.000000
0.791764
-0.000019
0.537701
0.643356
0.000055
0.791764
0.000010
0.537872
0.643356
0.000001
0.791764
-0.000019
0.537958
0.643356
0.000055
0.791764
-0.000039
0.537787
0.643356
0.000001
0.791595
-0.000029
0.537872
0.643356
0.000055
0.791764
-0.000019
0.537872
0.643356
0.000000
0.791764
-0.000019
0.537529
0.643356
0.000055
0.791764
-0.000029
0.538216
0.643356
0.000001
0.791764
-0.000019
0.537615
0.643356
0.000055
0.791764
0.000000
0.537529
0.643356
0.000001
0.791764
-0.000019
0.537529
0.643356
0.000055
0.791595
-0.000019
0.537529
0.643356
0.000000
0.791764
-0.000019
0.537443
0.643356
0.000055
0.791934
-0.000039
0.537958
0.643356
0.000001
0.791764
-0.000019
0.537872
0.643356
0.000055
0.791934
0.000000
0.537872
0.643356
0.000001
0.791764
-0.000019
0.537529
0.643356
0.000055
0.791934
0.000000
0.537529
0.643356
0.000000
0.791764
-0.000019
0.537958
0.643356
0.000055
0.791595
-0.000010
0.537872
0.643356
0.000001
0.791764
-0.000019
0.538130
0.643356
0.000055
0.791934
-0.000010
0.538130
0.643356
0.000001
0.791764
-0.000019
0.537701
0.643356
0.000055
0.791595
-0.000019
0.537701
0.643356
0.000000
0.791764
-0.000019
0.537186
0.643356
0.000055
0.791934
-0.000010
0.536928
0.643356
0.000001
0.791764
-0.000019
0.537787
0.643356
0.000055
0.791595
0.000000
0.537615
0.643356
0.000001
0.791764
-0.000019
0.537443
0.643356
0.000055
0.791764
-0.000010
0.537443
0.643356
0.000000
0.791764
-0.000029
0.537100
0.643356
0.000055
0.791934
-0.000029
0.537872
0.643356
0.000001
0.791764
-0.000019
0.537186
0.643356
0.000055
0.791595
-0.000010
0.537787
0.643356
0.000001
0.791764
-0.000019
0.537357
0.643356
0.000055
0.791764
-0.000019
0.537357
0.643356
0.000000
0.791764
-0.000019
0.537529
0.643356
0.000055
0.791934
-0.000010
0.538044
0.643356
0.000001
0.791764
-0.000019
0.537872
0.643356
0.000055
0.791425
-0.000019
0.537529
0.643356
0.000001
0.791764
-0.000019
0.537615
0.643356
0.000055
0.791764
-0.000029
0.537615
0.643356
0.000000
0.791764
-0.000029
0.537872
0.643356
0.000055
0.791764
-0.000010
0.537958
0.643356
0.000001
0.791764
-0.000019
0.537872
0.643356
0.000055
0.791934
-0.000010
0.537872
0.643356
0.000001
0.791934
-0.000019
0.538044
0.643356
0.000055
0.792273
-0.000019
0.538044
0.643356
0.000000
0.791764
-0.000019
0.537443
0.643356
0.000055
0.791764
0.000000
0.537787
0.643356
0.000001
0.791934
-0.000019
0.537701
0.643356
0.000055
0.791934
0.000000
0.537787
0.643356
0.000001
0.791764
-0.000019
0.537787
0.643356
0.000055
0.791764
0.000010
0.537787
0.643356
0.000000
0.791934
-0.000019
0.537787
0.643356
0.000055
0.791764
-0.000029
0.537272
0.643356
0.000001
0.791934
-0.000029
0.537443
0.643356
0.000055
0.791934
0.000000
0.537615
0.643356
0.000001
0.791764
-0.000019
0.537958
0.643356
0.000055
0.791934
0.000000
0.537958
0.643356
0.000000
0.791764
-0.000019
0.537615
0.643356
0.000055
0.791934
-0.000019
0.537958
0.643356
0.000001
0.791764
-0.000019
0.537958
0.643356
0.000055
0.791425
-0.000010
0.537100
0.643356
0.000001
0.791934
-0.000010
0.538044
0.643356
0.000055
0.791934
-0.000049
0.538044
0.643356
0.000000
0.791934
-0.000019
0.537357
0.643356
0.000055
0.791934
0.000010
0.537529
0.643356
0.000001
0.791934
-0.000019
0.537787
0.643356
0.000055
0.791934
0.000010
0.537787
0.643356
0.000001
0.791934
-0.000019
0.537958
0.643356
0.000055
0.791934
0.000000
0.537958
0.643356
0.000000
0.791934
-0.000029
0.537958
0.643356
0.000055
0.792103
-0.000039
0.537186
0.643356
0.000001
0.791934
-0.000019
0.537958
0.643356
0.000055
0.791764
-0.000049
0.537787
0.643356
0.000001
0.791934
-0.000019
0.537615
0.643356
0.000055
0.791425
-0.000019
0.537615
0.643356
0.000000
0.791934
-0.000019
0.537529
0.643356
0.000055
0.791934
0.000000
0.537958
0.643356
0.000001
0.791934
-0.000019
0.537787
0.643356
0.000055
0.791934
0.000000
0.537529
0.643356
0.000001
0.791934
-0.000019
0.537958
0.643356
0.000055
0.791934
0.000000
0.537958
0.643356
0.000000
0.791764
-0.000019
0.537958
0.643356
0.000055
0.792103
-0.000010
0.537958
0.643356
0.000001
0.791764
-0.000019
0.537529
0.643356
0.000055
0.792103
-0.000019
0.537958
0.643356
0.000001
0.791934
-0.000019
0.537529
0.643356
0.000055
0.791595
-0.000029
0.537529
0.643356
0.000000
0.791934
-0.000029
0.537529
0.643356
0.000055
0.792103
0.000000
0.537701
0.643356
0.000001
0.791934
-0.000019
0.537272
0.643356
0.000055
0.791934
-0.000029
0.537701
0.643356
0.000001
0.791934
-0.000019
0.537787
0.643356
0.000055
0.791595
-0.000010
0.537787
0.643356
0.000000
0.791934
-0.000029
0.537701
0.643356
0.000055
0.792103
-0.000019
0.537701
0.643356
0.000001
0.791934
-0.000019
0.537615
0.643356
0.000055
0.791934
-0.000039
0.537615
0.643356
0.000001
0.791934
-0.000019
0.537958
0.643356
0.000055
0.791934
-0.000010
0.537958
0.643356
0.000000
0.791934
-0.000019
0.537958
0.643356
0.000055
0.791934
-0.000010
0.537701
0.643356
0.000001
0.791934
-0.000019
0.536928
0.643356
0.000055
